# avg	std	min	max
-0.02076 0.02274 -0.04852 0.00092
0.31540 0.06655 0.21377 0.40811
2.55047 0.27401 2.27120 2.94675
7.42801 0.57933 6.52903 8.32228
4.69873 0.35503 4.02030 5.05206
2.42106 0.05432 2.34347 2.51051
16.56054 3.42932 12.95520 21.69880
20.00942 1.58053 17.53610 22.15820
3.18684 0.10208 3.09674 3.38592
0.56651 0.06508 0.44105 0.62990
1.74775 0.12036 1.67183 1.98510
-0.00469 0.02004 -0.03420 0.01875
17.68412 2.74727 13.95700 20.77330
4.98773 0.28674 4.43326 5.26490
3.90206 0.45287 3.22808 4.56787
-2.19228 0.85957 -2.67822 -0.47601
-0.61519 0.09761 -0.69172 -0.44354
7.18650 0.38974 6.70877 7.70134
7.82190 0.18080 7.48772 7.95901
16.00714 3.65408 11.89330 21.58420
