# avg	std	min	max
3.81460 0.05649 3.75940 3.89151
2.33681 0.04577 2.29639 2.42138
2.83429 0.07197 2.75456 2.96361
1.66906 0.03541 1.60007 1.69894
4.91960 0.18444 4.71211 5.25083
0.04419 0.03904 -0.01354 0.09923
-0.02797 0.02053 -0.05209 0.00314
2.74903 0.03300 2.70886 2.78339
7.94413 0.13396 7.83606 8.20563
3.43704 0.12035 3.32071 3.63713
3.40325 0.07072 3.34209 3.54024
2.53402 0.02120 2.51085 2.55987
0.68797 0.02474 0.65809 0.71692
2.05636 0.03767 2.02748 2.12929
1.76990 0.15089 1.56767 1.97787
3.43569 0.06066 3.35693 3.52887
2.28332 0.12950 2.16855 2.52451
1.98381 0.02975 1.93976 2.01135
2.42408 0.06430 2.33891 2.52698
1.38027 0.02907 1.34474 1.42776
