# avg	std	min	max
6.39115 0.01748 6.36288 6.40978
5.01925 0.02460 4.97768 5.05428
6.08339 0.31344 5.45886 6.27006
2.58331 0.04242 2.54520 2.66387
5.70169 0.50257 4.86378 6.33795
1.16802 0.02410 1.14584 1.21287
-0.00794 0.00885 -0.02173 0.00585
2.38899 0.11559 2.30824 2.61762
7.98477 0.10430 7.78266 8.06611
4.79196 0.02445 4.76501 4.82762
4.45958 0.02458 4.42825 4.48166
3.79038 0.29769 3.61351 4.38376
0.67122 0.00565 0.66431 0.68095
3.76577 0.02624 3.71822 3.79367
4.59807 0.75945 3.78299 5.57240
6.96102 0.03326 6.89755 6.99564
5.94922 0.05267 5.89133 6.02851
4.22622 0.13215 4.07235 4.43479
5.17420 0.44510 4.29198 5.48611
3.04106 0.02736 3.01418 3.09037
