# avg	std	min	max
5.83840 0.03164 5.80133 5.89249
4.59008 0.02975 4.56228 4.64289
2.92749 0.01339 2.90084 2.93572
0.48859 0.15466 0.33478 0.70724
3.25342 0.51305 2.25659 3.73063
-0.02286 0.01835 -0.05843 -0.00742
13.17250 1.30829 10.67940 14.52950
16.29234 1.92175 13.83210 18.48400
7.31272 0.03541 7.27437 7.37963
4.86263 0.08955 4.79129 5.03266
4.28104 0.01113 4.27055 4.29862
4.00054 0.02056 3.96385 4.02296
17.96490 2.29103 15.53400 22.18240
5.43701 0.40992 4.98758 6.13286
3.22131 0.48090 2.95670 4.18238
6.38270 0.07887 6.24310 6.48124
4.12953 0.07992 3.99866 4.21500
4.87943 0.21761 4.51553 5.16240
7.32022 1.55289 5.56372 9.53245
10.61847 2.11504 6.74996 12.45520
