# avg	std	min	max
1.27824 0.02015 1.26195 1.31384
-0.21075 0.01410 -0.22539 -0.18401
0.46589 0.04118 0.40725 0.53056
-2.16614 0.00045 -2.16656 -2.16529
0.31150 0.02456 0.28658 0.34466
-1.79103 0.02123 -1.83259 -1.77570
10.50095 1.17017 9.04186 11.84050
13.33432 0.45559 12.65790 14.01880
-1.67790 0.03262 -1.72344 -1.64242
1.59600 0.01817 1.57601 1.63016
0.85377 0.06038 0.81355 0.97405
0.35001 0.02623 0.32604 0.40037
17.08318 0.34903 16.39000 17.28930
0.02820 0.01621 0.01374 0.05824
-0.00000 0.00000 -0.00000 -0.00000
1.49766 0.01773 1.47788 1.53066
0.63322 0.02101 0.59374 0.65026
2.15162 0.13517 2.01602 2.38232
3.44622 0.27476 3.13298 3.92379
8.19502 0.88471 7.12839 9.19710
