# avg	std	min	max
0.81400 0.16067 0.57622 1.04585
0.10719 0.14885 -0.08704 0.36555
-1.10241 0.11573 -1.27162 -0.95710
-0.91233 0.13109 -1.08100 -0.69679
-0.07371 0.29454 -0.36118 0.44139
-1.46570 0.36700 -2.04791 -1.06270
-0.64505 0.33568 -1.01832 -0.04900
-0.34023 0.22408 -0.66980 0.01350
3.22745 0.14081 3.01549 3.45462
0.23453 0.22284 -0.11034 0.56077
0.02178 0.17487 -0.31186 0.17294
-0.03815 0.09443 -0.17085 0.09592
-0.14989 0.15967 -0.35915 0.08559
0.88895 0.24172 0.49663 1.14717
-0.04512 0.11886 -0.18271 0.17004
1.91267 0.06541 1.81016 1.98930
0.65133 0.17813 0.41603 0.96145
0.06622 0.35469 -0.44917 0.64809
0.62710 0.46511 -0.02177 1.40095
0.48793 0.12905 0.34371 0.66983
