# avg	std	min	max
1.65830 0.10092 1.58213 1.85639
0.52452 0.07794 0.42636 0.64677
2.46414 0.23781 2.07637 2.77612
-0.43436 0.05559 -0.49919 -0.35770
2.25250 0.12358 2.04978 2.42463
-0.27324 0.29301 -0.84983 -0.05437
5.40495 0.74305 4.16339 6.24454
8.28713 0.74673 7.59589 9.26230
-0.53339 0.07270 -0.60166 -0.43976
2.26873 0.09631 2.11998 2.37310
2.59429 0.14593 2.37656 2.77379
1.56840 0.15997 1.39569 1.79099
9.50927 1.36888 7.31572 11.48260
1.59633 0.10087 1.44143 1.72219
1.11599 0.30546 0.82075 1.57689
1.16831 0.08313 1.06730 1.26457
0.19322 0.05308 0.11330 0.25251
-0.22608 0.19803 -0.39147 0.08349
-0.00823 0.00000 -0.00823 -0.00823
4.47873 0.70845 3.49432 5.45897
