# avg	std	min	max
3.94870 0.27236 3.59738 4.30568
2.53871 0.34608 2.28064 3.19982
2.99542 0.14490 2.78875 3.21764
0.92819 0.11338 0.83734 1.12562
2.28356 0.15735 2.00477 2.46872
0.71299 0.17047 0.51684 0.94673
1.00392 0.21898 0.64435 1.32657
1.98554 0.38869 1.52876 2.66466
7.87219 0.30771 7.29929 8.18785
3.78252 0.21780 3.51456 4.12671
2.81511 0.22098 2.53782 3.09311
2.29233 0.11383 2.14920 2.41110
1.59603 0.33282 1.27218 2.22550
3.00612 0.32800 2.40086 3.39176
2.09248 0.31127 1.83782 2.64968
3.61930 0.12385 3.50929 3.77750
2.61137 0.36005 2.14581 3.05727
1.72677 0.59064 1.07680 2.56411
-0.15167 0.18380 -0.40436 -0.00233
2.46253 0.33315 2.12096 3.04407
