# avg	std	min	max
0.74594 0.00576 0.73480 0.75130
-0.06533 0.01818 -0.08649 -0.04025
0.75872 0.03731 0.69160 0.79714
-0.60879 0.10007 -0.74758 -0.44155
0.09770 0.05121 0.04435 0.16170
-0.86667 0.18167 -1.09237 -0.67464
-0.08984 0.04453 -0.14816 -0.01435
-0.47982 0.07166 -0.57517 -0.39386
2.79275 0.10207 2.62020 2.90899
-0.00199 0.00524 -0.00855 0.00486
0.45977 0.05774 0.36919 0.53924
0.66939 0.03300 0.60407 0.69262
0.09746 0.02986 0.05702 0.13880
0.08623 0.06435 -0.00054 0.18226
-0.17531 0.00653 -0.18005 -0.16255
0.78977 0.07341 0.68126 0.87318
0.35359 0.06274 0.28442 0.46053
-0.08985 0.03265 -0.11205 -0.02554
0.23804 0.05729 0.14838 0.29150
0.52905 0.02947 0.49939 0.58180
