# avg	std	min	max
0.32661 0.00249 0.32258 0.32909
-0.34944 0.00105 -0.35118 -0.34801
-0.10607 0.00094 -0.10784 -0.10505
-1.32494 0.02919 -1.35419 -1.27432
-0.27037 0.00116 -0.27202 -0.26931
-1.19871 0.14434 -1.48712 -1.11891
-1.56257 0.22113 -1.83379 -1.31826
-0.96486 0.19324 -1.07382 -0.57901
-1.46184 0.02094 -1.48284 -1.42253
0.29139 0.00981 0.27890 0.30634
0.00295 0.00203 0.00062 0.00634
0.07051 0.00056 0.06961 0.07135
-1.46487 0.00773 -1.47394 -1.45162
0.22214 0.00461 0.21621 0.22681
-0.66563 0.15030 -0.89907 -0.52794
0.21503 0.01971 0.19376 0.24495
-0.76571 0.00687 -0.77304 -0.75313
-0.59536 0.03573 -0.66514 -0.56682
-0.41678 0.07789 -0.52268 -0.35261
0.20015 0.02215 0.18165 0.23298
