# avg	std	min	max
5.27184 0.00000 5.27184 5.27184
3.57185 0.00000 3.57185 3.57185
0.00093 0.00116 -0.00007 0.00253
0.69867 0.21570 0.42159 1.01724
-0.34167 0.15159 -0.46859 -0.10299
0.85922 0.62518 -0.22783 1.47838
6.74789 1.06698 5.24383 8.19930
10.97140 1.31272 8.59930 12.33930
4.23374 0.02200 4.20548 4.26525
4.57793 0.00240 4.57668 4.58273
2.45969 0.01043 2.44924 2.47257
2.64144 0.00015 2.64126 2.64162
7.84983 0.92583 7.12896 9.65594
3.75227 0.00038 3.75175 3.75268
4.13055 0.45089 3.55856 4.72190
4.56901 0.01112 4.54921 4.58341
3.99956 0.05482 3.89739 4.06216
6.32089 0.72986 5.26043 7.32316
7.41873 0.96281 6.36552 8.88058
6.53248 1.75031 5.13511 9.94700
