# avg	std	min	max
4.07479 0.02986 4.02723 4.11196
2.59289 0.04603 2.53517 2.65139
0.00065 0.00402 -0.00622 0.00587
-0.92546 0.18960 -1.10146 -0.56327
-1.16976 0.01705 -1.18949 -1.13904
-0.47515 0.10066 -0.62825 -0.33469
3.69884 0.44762 3.26507 4.51980
10.46670 1.11457 8.56259 11.66900
4.43805 0.05062 4.35842 4.50981
3.03244 0.01110 3.01600 3.04393
1.94182 0.00990 1.92315 1.95183
1.78284 0.00983 1.76322 1.78869
5.84857 1.08431 4.06752 7.00999
3.19669 0.05677 3.13078 3.26988
3.55458 0.42418 2.90193 4.15918
3.49054 0.07564 3.34430 3.55020
1.37604 0.03876 1.30076 1.40682
4.93852 0.39699 4.57676 5.46012
5.67402 0.32602 5.05912 5.95830
5.07216 0.52941 4.59316 5.85490
