1.6826247205989595;
1.849374732342661;
2.1377488286932116;
2.3600087185123466;
2.561136319131211;
2.629090526307205;
2.527214951767172;
2.5879986530067414;
2.5578349645752008;
2.552063311094746;
2.5804964131993473;
2.618159659342986;
2.635591751263504;
2.6535441582817154;
2.6963766803441613;
2.7535240810919683;
2.77477783173252;
2.8414217450599;
2.802415006153657;
2.797346142547359;
2.7207587565000537;
2.699616993505439;
2.7499906880131157;
2.7662073283253;
2.7753108521203753;
2.8442400551172513;
2.839654744991781;
2.8180286572045294;
2.84347347966514;
2.989275524080021;
2.9979012337998054;
2.8930042852889106;
2.8994798896810035;
2.937271477009334;
2.942848984416252;
2.9345207847467982;
2.9889399280735693;
3.0293637190912674;
3.0035084196911113;
3.033659732603088;
3.058049295209719;
3.0349805235102876;
3.027612981250416;
3.0091070383667904;
3.026290665904021;
3.0469498456945496;
3.0110921541265085;
3.0086699282515568;
3.013685935710901;
3.0406246646139614;
3.012383464304923;
3.0048189892242005;
3.011826874127434;
3.03115070767345;
3.0593263398344637;
3.03600242422146;
3.1282705653148777;
3.0596925715857686;
3.0689434853119066;
2.9314941222715394;
2.950905932217473;
2.940109480338034;
2.905683612365101;
2.9993389391039544;
3.0108462882124947;
3.062195986805837;
3.0811451651047026;
3.1048525299545475;
3.062308180698234;
3.093957176725977;
3.1037081320927347;
3.0649100577211446;
3.005418421472597;
2.947040561247154;
2.9119155026855257;
2.9020188967030514;
2.9003039601140843;
2.8918211010309323;
2.801367849074611;
2.8215986527030315;
2.8464356737971115;
2.8354060052511634;
2.8242615849978803;
2.819090774031241;
2.877312702955416;
2.7717211272762126;
2.826178792200619;
2.870757306617931;
2.94323939257672;
2.9094758582687814;
2.8955567821366706;
2.9326415963169303;
2.9221892919303243;
2.9229525409085997;
2.8738119014506878;
2.965589875120549;
2.953982103291721;
2.97469609379845;
2.9719597107689824;
2.886064067859705;
2.8649857194738972;
2.9066371086883533;
2.9203302335659025;
2.8436711993632886;
2.9012361865801735;
2.8628829876960546;
2.8950232501560285;
2.808125254462973;
2.9017794811606867;
2.8809088628610504;
2.9457128936678885;
2.917662857985464;
2.9308223853577298;
2.888643578324437;
2.8713888271493437;
2.909307469331385;
2.863858840321713;
2.886588793420888;
2.959774402472588;
2.941230987459858;
2.9182140924929323;
2.9189652096031637;
2.9766535369820564;
2.9704363946086763;
2.997214507232444;
2.961346867179788;
3.0039602549000195;
2.983123860597579;
2.9420952451716866;
2.9581495444149315;
2.986414191434976;
2.956171688589266;
3.0004653924137394;
3.0002084778974907;
2.9995084679775457;
2.9751142092296954;
2.9607859219096055;
2.9762285750908957;
2.975878330912823;
3.0039752502263983;
3.0060110953276347;
2.983240874147751;
2.975496513982229;
3.0278629832145563;
2.9758755716938667;
2.9584452039748763;
3.000234344140836;
3.0837322176110495;
3.0671273516397637;
3.104886431930652;
3.0711149057139484;
3.1423794496339212;
3.1287507637999843;
3.066012672597853;
3.131521423441724;
3.1652447190053157;
3.1909313484582618;
3.2030530559012185;
3.2294873027739612;
3.20823434992962;
3.137216905505885;
3.1749563792796818;
3.1479383622118466;
3.2387150399078144;
3.1646318974788072;
3.190149095294033;
3.171230541119104;
3.1905581600439823;
3.16820288616312;
3.1226003758249408;
3.0959076867204036;
3.1209177756612534;
3.058342598538202;
3.049973217884722;
3.061045686829429;
3.0156597245562913;
3.009222188567564;
3.111431653465178;
3.0966264362071128;
3.1140033292426144;
3.143960145203479;
3.117388567403135;
3.1355329552576645;
3.1615080339830857;
3.1464315806836054;
3.064500784554834;
3.0026618495680206;
3.052848303674923;
3.0788800473610145;
2.9974793567749103;
3.0959390368749116;
3.08552797969111;
3.0713559562036177;
3.159975403670009;
3.1563200243362632;
3.1740416935187326;
3.1430426779475256;
3.1340196951863897;
3.1296484952835923;
3.125002312810969;
3.119559663458094;
3.1103133386878308;
3.157856072286898;
3.104249381949123;
3.0578380106047454;
3.0219668337177197;
3.138980668962392;
3.052598110246349;
3.1270922282943205;
3.0942137571580757;
3.086375632367055;
3.136980004017911;
3.067480270003476;
3.100442552839166;
3.1584271439033142;
3.150636133552752;
3.172541343447434;
3.139171279356896;
3.1492789952755236;
3.1113269978422595;
3.09539957958256;
3.066396124794355;
3.120307684469524;
3.1648856324489336;
3.1720782670208907;
3.19451969602872;
3.1907119915666864;
3.1821157658904267;
3.130520580344378;
3.166471780957149;
3.1196821621876047;
3.1672530592800574;
3.16184944263797;
3.1782868275481553;
3.1695116963009626;
3.1913611302633393;
3.1018020809065567;
3.1094973465616778;
3.180575698322728;
3.155870985130145;
3.1568111438682105;
3.1999269122962097;
3.099356649822687;
3.0221334737571675;
3.1298236938968844;
3.0925905197514267;
3.12593396712676;
3.1252889698551;
3.142298602103771;
3.1776018459909046;
3.1106005608306964;
3.19901926590844;
3.2054177259163548;
3.1707636703221835;
3.0426382739744513;
3.0929781367534073;
3.099952013659685;
3.123057385791728;
3.086317850156391;
3.1190954115015046;
3.135031469709889;
3.1746532942687664;
3.152634290357612;
3.1608792460190354;
3.1765960318910516;
3.1834206787760344;
3.046991170512869;
3.0398448631205315;
3.0878058412621554;
3.092536855314008;
3.1083626369912865;
3.0878867798373304;
3.132922197727023;
3.1496027806628204;
3.072244699911999;
3.124120411123804;
3.1174631531368404;
3.2094662632113256;
3.184688068567108;
3.159164209759297;
3.242225164633609;
3.224409055701066;
3.1997804187219097;
3.2123019438281264;
3.266100906385861;
3.239135508173612;
3.2286843097990428;
3.1616595706475317;
3.1695513460319074;
3.0628831155301675;
3.0939583126764676;
3.1455219258472917;
3.0760276712033963;
3.1038358822934216;
3.103104670818106;
3.075864920899071;
3.0550639636301793;
3.1175745510644743;
3.1469692893117487;
3.1272853713945215;
