1.8258234616494762;
2.026122413700511;
2.0783609105015954;
2.3116872750630977;
2.476211566325211;
2.4061592697077985;
2.4246184256545322;
2.444413888794309;
2.4245623037200286;
2.4843274306491985;
2.4924239110681494;
2.489373725875616;
2.4221386940711476;
2.498160115462091;
2.4875760139419585;
2.5423475859730646;
2.564062862439076;
2.533204501349424;
2.4972337096502613;
2.576380936853691;
2.5824358181881575;
2.5451227872603126;
2.5267054898470063;
2.5743303857826163;
2.5069779884571584;
2.5397597898171798;
2.6039479840307984;
2.5637682759290725;
2.5893831933254203;
2.537199198056161;
2.57296737070095;
2.5385010985482745;
2.652540356863723;
2.6260321758269165;
2.70109482122149;
2.690832849218479;
2.6976604356481855;
2.743640804979309;
2.7191078207349455;
2.7031920150879722;
2.740799135389018;
2.7785954805956403;
2.7702810622785865;
2.7766166985514222;
2.7849788850555997;
2.8202601729716767;
2.7582559182942448;
2.8589900105420467;
2.7886970994068387;
2.8057349350390766;
2.801352452753042;
2.923240015585674;
2.81907470991767;
2.8734810451935084;
2.856107833578503;
2.8630923566467272;
2.8463603034022626;
2.8142824771430215;
2.763634407543639;
2.8444008263230507;
2.851412786691552;
2.7886174574661946;
2.8047125846372123;
2.843450896866477;
2.88996796606845;
2.8625770153275787;
2.8810085340569196;
2.8524619548324193;
2.8674258036719134;
2.8580181627378667;
2.9459936159149307;
2.960163946239002;
3.0580785572714864;
3.0883571774112024;
3.0305597852170747;
3.045845245952537;
3.0768346469111063;
3.021301633519638;
3.124217945760597;
3.0481053040565294;
3.142838618263588;
3.1366178903167743;
3.2294106529268642;
3.261600420039541;
3.2968249861714196;
3.198556452447151;
3.290714482201111;
3.239397238647321;
3.2024759056123915;
3.2100557091739725;
3.2380934281033693;
3.260928249217976;
3.302209832381696;
3.2597522689722838;
3.313229838675336;
3.319600559297628;
3.34390640019961;
3.366882393306706;
3.2315581087823024;
3.185406449504194;
3.265990708113908;
3.2566289736223;
3.3146572521534496;
3.3207026036928102;
3.2679490737670895;
3.3328761411285375;
3.3418149015686622;
3.3937142835742735;
3.4795424206229963;
3.3379475866379167;
3.3442603018450847;
3.293445977926526;
3.3030120081472734;
3.4100141368076544;
3.310731844845437;
3.2923219606781213;
3.4161291331510424;
3.316028356623294;
3.3273495929067005;
3.3506572004712667;
3.328444671664658;
3.3354488322070868;
3.3422233251995244;
3.3071382752610403;
3.450040977439231;
3.4445604454479164;
3.4757993774496967;
3.3919669080917187;
3.394502222671911;
3.3729185802908086;
3.3668351750789873;
3.4392014713496506;
3.406608560848115;
3.427333230319382;
3.3873520822017786;
3.4054954351364994;
3.4120204124988285;
3.3574125523158354;
3.449611968051778;
3.3262181747711264;
3.3889109829990374;
3.3923159513676926;
3.515361113435352;
3.3171418960381094;
3.276772641978656;
3.392043587359939;
3.4115298174843467;
3.405000323942968;
3.371523701082924;
3.380851618799612;
3.405456222288786;
3.3812124635580574;
3.2859696396460985;
3.2664701457657532;
3.371597553470642;
3.265218959614672;
3.277962943789193;
3.2447863749845607;
3.375431372179832;
3.316671933013751;
3.3854152048362063;
3.3589617788676125;
3.450675865371507;
3.485152012230059;
3.465536038921774;
3.5153669296767784;
3.3722283523652523;
3.327992028894217;
3.3521153229069727;
3.3732177645701134;
3.391521202085435;
3.389885297260635;
3.2942887453839345;
3.3490612323060507;
3.3542021854905357;
3.3558159396399643;
3.3302748803665745;
3.297934297590642;
3.3042316805464758;
3.32379732600659;
3.3880380325962056;
3.399742191242173;
3.378549143542036;
3.3018842684239846;
3.281117355528773;
3.2259665616547792;
3.168290904360613;
3.1797735824988025;
3.1610106155620823;
3.0934421821945657;
3.152832456379633;
3.0961424402985234;
3.23573131359789;
3.209382113496811;
3.316197560950654;
3.312924490642358;
3.322885513744309;
3.342676014498632;
3.1962221924294343;
3.1910876814593654;
3.1468650253467625;
3.1298122576501664;
3.145258423274705;
3.1379080756251616;
3.156108476118805;
3.2048768714853773;
3.2186646342443006;
3.184900885086107;
3.2500419624509407;
3.207962843304829;
3.1319849910131374;
3.199789654587119;
3.30377930516112;
3.2350708303513698;
3.2092359644721786;
3.191468476463616;
3.200504507547049;
3.2419297871344828;
3.2553436463627214;
3.246866369291478;
3.24760444741324;
3.2597899297434663;
3.2365985404002755;
3.2677476080149632;
3.255079022239017;
3.3194841496579026;
3.27999331472635;
3.4686521437915165;
3.381085721762564;
3.3036269199625274;
3.2982480005693335;
3.3531055841966912;
3.2050637709958125;
3.245758024358464;
3.1378913368723174;
3.2066069263720176;
3.1703360412388157;
3.2395951726579697;
3.271046683185102;
3.2690239260825806;
3.2338492697940433;
3.207374153172286;
3.306014099557502;
3.2456189621510667;
3.325517167744134;
3.2229332020500916;
3.301587396304029;
3.2007209083405566;
3.177248108214801;
3.1476566426720276;
3.111605985131227;
3.0669006601207442;
3.0795642252508615;
3.1671707484535028;
3.204053046314316;
3.1999175796787287;
3.214314995302962;
3.2048427465484184;
3.290261605894922;
3.2552430246168322;
3.3314406938489993;
3.2923018120022287;
3.21704354298588;
3.222157675064771;
3.2443088155073867;
3.2478617293885654;
3.204492973761414;
3.1971225929528133;
3.2216969833813742;
3.2134385824521785;
3.2536068514875884;
3.216861163486095;
3.234299699989179;
3.293263938502454;
3.2572795201410027;
3.1943910261026733;
3.251410520852741;
3.252844730127161;
3.2150537634065306;
3.1775124941840422;
3.1817727602040655;
3.177596354885763;
3.1816403861657157;
3.2146267545627896;
3.2529957543485457;
3.2587005729202345;
3.3287938468410228;
3.2049289229518574;
3.233303878389513;
3.2659028372677135;
3.277703205973405;
3.2903024129790386;
3.261352494299086;
3.19717121432924;
3.2493159394181377;
3.3194192217534457;
3.337874221857543;
3.262043182453562;
3.2397666409704566;
3.282507863396028;
