1.9859240671437106;
2.0682239358652508;
2.022382176953577;
2.178768760288536;
2.250042015529624;
2.387218091406639;
2.3991069842178456;
2.3820471611376592;
2.4058864008087615;
2.409799881283069;
2.51483151457838;
2.5452567317629566;
2.6000359442542784;
2.6140204663104383;
2.6503712936582278;
2.701525607044186;
2.786584839952809;
2.753942969807039;
2.678273550702171;
2.659213663301416;
2.6089735293375815;
2.7001308397121;
2.616125397944681;
2.670468575760593;
2.692848116188393;
2.706920786105631;
2.7589924545899143;
2.747929376720799;
2.5933841942889573;
2.6189739634061966;
2.6951598396468497;
2.7210426185647836;
2.7952674216497564;
2.8186357969776985;
2.815453998252339;
2.7467913338047136;
2.8043668383888463;
2.7745358319742492;
2.8069429872286498;
2.8328691730111104;
2.8862829602369704;
2.8703209457951804;
2.9292541060665984;
2.9492677059291497;
2.9448535718801074;
2.940523768130192;
2.9233851361031777;
2.94212419243918;
3.06914283454158;
2.9907752549774336;
2.986842789901766;
3.0443211675743616;
3.058141578665666;
3.0652721153838587;
2.9745051152121893;
2.98317054150538;
3.0594764842614;
2.991014828190138;
3.113572677262633;
3.0747524486598232;
3.09875052841276;
3.0208501775303147;
3.048537702708293;
3.0492350330525912;
3.1323630597966527;
3.1331094300371234;
3.11984782975006;
3.181885941187252;
3.219254191142404;
3.203569063754493;
3.230589044134878;
3.1924880419675223;
3.138240227275447;
3.1734041977063927;
3.1159404924084493;
3.1738063061938604;
3.164080416034596;
3.2114770457015274;
3.1700031457342916;
3.1809763359318257;
3.1898432360455566;
3.1988375879402504;
3.2177052897129923;
3.273479948462777;
3.2928782449084566;
3.2882529197510366;
3.294957097457847;
3.3378695827521567;
3.2760152493409853;
3.3116837508477186;
3.280634143051725;
3.3321980293132327;
3.19652339814972;
3.2480395843931174;
3.270840088630217;
3.256035611611648;
3.2474965939279006;
3.2584371198960236;
3.2874492264721944;
3.2750572830035782;
3.2874803191879853;
3.217381329029221;
3.1336860326553158;
3.150688699298812;
3.262729496569368;
3.290145579381829;
3.301429267658585;
3.26029592187669;
3.2219017201655498;
3.2944865246823722;
3.3934110325560702;
3.347195949435111;
3.2956809443037063;
3.3171410279484568;
3.277671455579884;
3.2097506218183085;
3.2212498615623217;
3.2078652481556107;
3.251161528125576;
3.2833709509925395;
3.2240151788954354;
3.2235728096793443;
3.2900193046653525;
3.1972179988236435;
3.179365424655636;
3.225558872432458;
3.213836923837804;
3.1926145866700515;
3.227047615578788;
3.2768165163982568;
3.2025715526040788;
3.2208079027386334;
3.1757182690675485;
3.172123552725609;
3.1146339373695575;
3.1448814732523322;
3.1451866034509774;
3.1116353821653897;
3.1227278352306933;
3.158282349981144;
3.1597252605363475;
3.213578444224799;
3.1476450526858377;
3.116615286422517;
3.1904728107016496;
3.1251749984167057;
3.173818575864888;
3.1770169942837834;
3.2386440608499454;
3.177712261824458;
3.2059729353786137;
3.1715622034339486;
3.196533621748601;
3.2099490778976985;
3.199360714633916;
3.1895636609078455;
3.2030241366112726;
3.1513716148207194;
3.1979564365196307;
3.2136246723110644;
3.1865043166858835;
3.228656462332241;
3.1993229144435955;
3.2265810974762377;
3.2586626294640904;
3.277423422882651;
3.262465100269986;
3.251786719761463;
3.2179732601793383;
3.2718296977285406;
3.2606483899468692;
3.226484364849586;
3.236229450426258;
3.2668928768094974;
3.301915569956779;
3.296581992134619;
3.316442110065197;
3.2555489780997164;
3.253949498201432;
3.234054815893726;
3.172864773753088;
3.1646821897940947;
3.1950470164928633;
3.2228747857985978;
3.190517766630294;
3.173419003163388;
3.2370605978981737;
3.1541461499080454;
3.2560622956267493;
3.272693921519877;
3.2951630631678825;
3.2705555827798554;
3.223478117331564;
3.290767845267486;
3.269027575438139;
3.217007322821022;
3.2126624323606023;
3.2163168314179873;
3.2584988538003414;
3.3031268651596233;
3.2884297048378035;
3.3730110651407554;
3.3493383612004113;
3.3870385491406703;
3.359440538036663;
3.2744106870478573;
3.3604949799183665;
3.343461440569645;
3.319815246098504;
3.3613834996194867;
3.3263249884224764;
3.2792537091560154;
3.2409707233160656;
3.2320090627507483;
3.2612499231946113;
3.234605547824483;
3.3223799254650523;
3.2991089979200643;
3.2732022489534853;
3.326369580535181;
3.3051757335362333;
3.2182760785450366;
3.227193782017612;
3.216844750314062;
3.3001253173692118;
3.2774925531247536;
3.2964557507670134;
3.231997858440764;
3.2197241463613464;
3.250157727404742;
3.235939274769503;
3.2929542808042256;
3.236255433256256;
3.261344734437569;
3.241312320950995;
3.218618621951992;
3.298924746582831;
3.2931237354389458;
3.2577297097078945;
3.2675287884284367;
3.2358504510715775;
3.3053287908162163;
3.3072223684477913;
3.2563850564220447;
3.296675972939057;
3.273523601864199;
3.236089451132065;
3.26223750507791;
3.241362811700249;
3.2432790119261616;
3.286816748801688;
3.4304703022885072;
3.3578599088451693;
3.3618050857991406;
3.3743715859707364;
3.376208927171038;
3.400405678063403;
3.373408316647194;
3.395804703001725;
3.3519797534093247;
3.330460464287901;
3.3728257650548006;
3.442452820556066;
3.415364024024152;
3.418868903982915;
3.460881824260774;
3.4711598281738802;
3.3721169238727073;
3.3787580520098706;
3.385467005160301;
3.463793628321053;
3.393601285033942;
3.4983832005640148;
3.367509495741808;
3.3686240641411764;
3.3557994037295167;
3.325144462873572;
3.33044140968097;
3.2855243234999985;
3.2358827818714637;
3.371932668220184;
3.4676833018459843;
3.4410746529359524;
3.4364061090855547;
3.4818030768693093;
3.4337620778979154;
3.435315885308351;
3.5396549627921825;
3.4591756842329833;
3.533197864561077;
3.5034058561994534;
3.5302803259918907;
3.433046249363718;
3.241530175544436;
3.286676606912235;
3.3064205654289713;
3.297106954088649;
3.3577126264142874;
3.324754379240794;
3.341748193745964;
