1.8077009829866353;
2.1404472978466185;
2.155325758058735;
2.2259855793770846;
2.195545648543295;
2.122002942232805;
2.1751645849555135;
2.262245923359991;
2.374874839951302;
2.353281882336064;
2.365887783381506;
2.3292168381823317;
2.467773336328422;
2.5182322392502536;
2.5981241906112844;
2.52791574917139;
2.5517702229291217;
2.577093594142083;
2.578416810614406;
2.678732274937294;
2.635891902596091;
2.587045639308882;
2.5862650917572862;
2.550811716979798;
2.6117030402144685;
2.7580695948487417;
2.884664885288691;
2.841584222353463;
2.9023151331525967;
2.822812454447582;
2.87779294176225;
2.8674767795620775;
2.924491290181445;
2.843549017870239;
2.929511909539506;
2.909172213675025;
2.806522220972675;
2.827154667520306;
2.9305085738635492;
3.001765933949773;
3.0600762703284445;
2.905764480487213;
2.96685518181697;
2.802890876666792;
2.9370252968916235;
2.8871415883649956;
2.900806761694499;
3.1713921251428223;
3.0924572248070055;
3.0691160318027952;
3.0762174465525574;
3.131697929899531;
3.1750059246233295;
3.197601057473459;
3.20481453825178;
3.1348396680757045;
3.0372020677605116;
3.1449144948449352;
3.0565331066200576;
2.9689058346819666;
2.9261413633064186;
2.9326962938374517;
3.0614422281241414;
3.0956113963163885;
3.278621572659731;
3.3900095250651576;
3.407540026655081;
3.233202508241283;
3.3248036761861535;
3.269909902292755;
3.2891973922202307;
3.273028453327159;
3.3237535174830652;
3.3220534457732906;
3.253188121857631;
3.1834019065359462;
3.177040611221111;
3.2632362381223454;
3.3325704654565693;
3.393853908355313;
3.381105250053835;
3.4200048787910338;
3.499914713044714;
3.471573135762261;
3.484494285453313;
3.529391663759101;
3.40405963990085;
3.4547603512123266;
3.526457382264332;
3.488389469105215;
3.443058190687211;
3.549786022885287;
3.4863050089546146;
3.5791677799211983;
3.4937764716240487;
3.3908634381734055;
3.3964270724436103;
3.369514472775675;
3.3071903928876805;
3.3355471257540072;
3.345168939523753;
3.4139504966337744;
3.4454239507041957;
3.3416201518116333;
3.259843398717431;
3.3743081733496383;
3.362771657790486;
3.463251461017638;
3.474048189910679;
3.4851796417297303;
3.4868632051460575;
3.4188293120114133;
3.4034257047528493;
3.396156873641317;
3.4170223018235384;
3.4328480070117653;
3.4550469005772872;
3.4110152558337576;
3.452274811024799;
3.388612704971509;
3.4413817924302537;
3.397446182757845;
3.4203093710066277;
3.4373508413238354;
3.450284781201515;
3.4929131267569185;
3.4096411806390385;
3.3519869901554227;
3.365412751164941;
3.3875104136059155;
3.434593022205885;
3.4495898850798965;
3.4736400199485895;
3.498841623259281;
3.5498444761500316;
3.491014040176741;
3.412733235461542;
3.507467649584801;
3.439950402119589;
3.4079341525003057;
3.4218894255156025;
3.340560796347862;
3.4089533602862043;
3.348101324270285;
3.3050575115553102;
3.363609432169275;
3.412674886816695;
3.4163644908377;
3.5966599441061957;
3.53066726158169;
3.518692320746701;
3.4990266229532296;
3.536897226929844;
3.538266426942076;
3.6189690048026324;
3.745278403541495;
3.6820810948204588;
3.4518330315764483;
3.4484788274134566;
3.4712991814836878;
3.5196634700014595;
3.7299591130106067;
3.682556232485336;
3.752001171888163;
3.500152255132575;
3.4567760306754103;
3.450522832649534;
3.4828229839620652;
3.5005716021281756;
3.568309264229972;
3.508936483698399;
3.424357580286636;
3.4850798781982384;
3.4824377408374154;
3.3974843943272357;
3.384435054538427;
3.441712393319047;
3.516853963957541;
3.418851798176639;
3.52394118593828;
3.4671310729869695;
3.5363861523200923;
3.5712291785751917;
3.5727743197921678;
3.5551301451755712;
3.4625742425738446;
3.4055069485745917;
3.4254416962559118;
3.3952933682446544;
3.4078316173317464;
3.4779041783341937;
3.4740655485839342;
3.407854753729648;
3.440240237753458;
3.4746928065605545;
3.3795140131888335;
3.4621391767708745;
3.5499930264277357;
3.568317013500481;
3.5795662879146115;
3.5893766286170017;
3.567578876799658;
3.6875863521202352;
3.614018981897147;
3.45159617646565;
3.422867215558986;
3.3423150028228674;
3.440962035168966;
3.4883809339284797;
3.4407758331179625;
3.444728253681694;
3.404736739919029;
3.4700112898457522;
3.3872446399586718;
3.3871225846135165;
3.398137678975235;
3.3575761313025785;
3.3594591648899534;
3.3628738993862184;
3.268521343033751;
3.286995377373951;
3.317061046107518;
3.3573960994991916;
3.3336491947428355;
3.3862091990314216;
3.3212368913531134;
3.4198802256362315;
3.4557717920212525;
3.4343547375935457;
3.43037708872298;
3.3219443193060503;
3.342419358516584;
3.2789188491047296;
3.3118717588507023;
3.280803479028523;
3.385251993979911;
3.3791660099806435;
3.3447139165830166;
3.4100349662525877;
3.3757221100185255;
3.322552515052668;
3.2957138249049307;
3.3683970727911534;
3.3050772292125568;
3.3299812532257187;
3.346531817486556;
3.4340710589478443;
3.430520686255004;
3.4247208658164423;
3.4822884914774246;
3.5002550006405797;
3.5674057306929217;
3.5595837666744687;
3.4768662634627807;
3.553217872421001;
3.4945421322870702;
3.4157167136587843;
3.553130879946736;
3.4495862015274263;
3.5474307751982037;
3.5040715066367047;
3.658329794411387;
3.6395874856917594;
3.5968142667386616;
3.597388844197317;
3.6115772540179023;
3.692930496494379;
3.731128874883436;
3.8209761819860666;
3.7048385721489145;
3.7374792633785465;
3.6980994002667984;
3.631370235043005;
3.7307579241097177;
3.6562795077502876;
3.6105051100022663;
3.6457390451518483;
3.6069218244069594;
3.609898076053074;
3.595837072036956;
3.642537964117144;
3.5128730498702883;
3.50269126476033;
3.6163046126869447;
3.513144991487102;
3.581159400997396;
3.5837997081831907;
3.499448037312051;
3.570440867405182;
3.5809812622316004;
3.5876907021135187;
3.4541521578852445;
3.484089477553519;
3.4598770620800092;
3.626527786630989;
3.5336441097424554;
3.5685825146870926;
3.505685847204073;
3.5090453964069486;
3.663462847130403;
