1.6556717931159728;
1.9285007706954285;
1.9581532798429437;
2.119558789858091;
2.254605963083654;
2.3471692541630382;
2.3317448431058603;
2.294426084706648;
2.3365300394599093;
2.3840254251650252;
2.407247586199525;
2.4242648972729275;
2.523133311671608;
2.513624940659296;
2.5729879888263683;
2.5632637972654355;
2.590663030822349;
2.604450138697785;
2.6587191168447206;
2.6370554218560023;
2.5728767390391405;
2.53863888140211;
2.5240343803106815;
2.5662530572841633;
2.5310025063876624;
2.6559738175470318;
2.694748638611372;
2.6842233068301575;
2.7043670977115783;
2.453327269683224;
2.4442300832296495;
2.494976382280224;
2.5338249818320597;
2.713413001041121;
2.71299845439939;
2.6544013511915776;
2.778375497119124;
2.735745447694075;
2.7223881185351555;
2.7290296092844057;
2.742658615813542;
2.6966784946093063;
2.7207424480802542;
2.6833785979901417;
2.7283288839294784;
2.713274643267924;
2.699926490459727;
2.671838354657253;
2.6964405301126453;
2.675422316876861;
2.7058890183498723;
2.754138912630389;
2.73226804798393;
2.8007930142792;
2.7824271751872303;
2.7936794904947697;
2.7858283967651456;
2.8467095207525404;
2.839795856752803;
2.8039182751225957;
2.804431269512413;
2.731128447230923;
2.7764848383181806;
2.7032596295300757;
2.709310849004321;
2.81724986282349;
2.844051418161168;
2.7543671891772443;
2.776955471238684;
2.7536467129806863;
2.8148925191043532;
2.861823634950115;
2.901108426274482;
2.9017100926180137;
2.8742666383859707;
2.888279587398804;
2.8625961437319574;
2.8160019188230887;
2.866985603808784;
2.7674464711664073;
2.733684743242485;
2.80551553685473;
2.77771457817017;
2.7826704409419274;
2.731021855533608;
2.743201296002735;
2.779417432214265;
2.7962007012521526;
2.799328203595855;
2.7910794790635003;
2.8320440976431636;
2.8376628951103755;
2.8172557886581737;
2.8177175048177987;
2.7661800199603457;
2.7994562479335285;
2.7879895742725944;
2.884919953653769;
2.825171053038395;
2.7743796032112367;
2.876472796490479;
2.773371420860859;
2.7799584868592677;
2.7744256960356384;
2.734273923181155;
2.731842078058526;
2.7268876767918373;
2.7058421531760994;
2.7280816903521736;
2.7777383475557413;
2.8105124920036886;
2.738545397994508;
2.7856417511880096;
2.753586795995512;
2.791217630499305;
2.7040134300399923;
2.8518866785775705;
2.8212571010392056;
2.8084716117425987;
2.784728746360696;
2.8196697661470727;
2.7924248188981906;
3.069694664284852;
3.018612620123838;
2.9476236081503684;
2.901329062421915;
2.913223653691103;
2.917570800684877;
2.935366395714432;
2.9286243424154037;
2.9711388914428194;
3.0335438249117295;
3.0876361589506525;
3.0863731121527174;
3.0445162435256856;
3.0110167033950543;
3.002977309882803;
3.1274782740741642;
3.054474840645094;
3.0834628066722582;
3.0582309052399657;
3.077049811897768;
3.0895442692707213;
3.159892426190987;
3.2195373574366086;
3.161472689427863;
3.119204289175046;
3.166553927528714;
3.09828841511946;
3.181999950230126;
3.245032579455436;
3.1967169683693117;
3.228527746102087;
3.214723493411265;
3.268440463194673;
3.2329261778264655;
3.2772090467960537;
3.2624686671727563;
3.3801522488747717;
3.289798107109545;
3.290044996475063;
3.263101740611855;
3.2431282626240105;
3.2148542143429695;
3.2820577109760536;
3.315738495664514;
3.300482394362891;
3.2332037466795294;
3.273108124495964;
3.2190294961762733;
3.2427542551357753;
3.3070552172213823;
3.332537061460464;
3.232717617755708;
3.249409935830118;
3.2115005450930436;
3.189329710371569;
3.188569567911844;
3.231480458896888;
3.181729651671183;
3.1787937385679976;
3.1509252975763844;
3.251582067412788;
3.3475587569889425;
3.328536767242111;
3.4242254000086567;
3.3745147324601983;
3.3599417535119214;
3.3093088768437324;
3.324519000624153;
3.3014672232701607;
3.3339701729660263;
3.282632149496777;
3.2813902534024395;
3.2856934982756454;
3.334368414149515;
3.3695094947452944;
3.416622059561415;
3.4705330284056473;
3.449148722049868;
3.4383221097604664;
3.4402584710789506;
3.366676228748377;
3.4372514078245056;
3.3955801994336765;
3.375157317486529;
3.3744375915289604;
3.320518634466217;
3.282775278672483;
3.3126882900096284;
3.3590969801357;
3.3234422324995285;
3.4004682993560573;
3.3162883742977822;
3.317249254773909;
3.342580422058396;
3.474461270244204;
3.397534405316226;
3.388872152972564;
3.3647453576986157;
3.440932848527861;
3.434895703374646;
3.4617207138732593;
3.354203790148825;
3.357698860062429;
3.405965804895053;
3.4401350261688903;
3.4784672606315095;
3.451106201255098;
3.3795430526969974;
3.426035840968362;
3.4383286338031613;
3.434245381309987;
3.3555548955977623;
3.2808366573231518;
3.3204892831675155;
3.387703927872243;
3.3910069813484287;
3.342207226096896;
3.391570768925143;
3.289176802286024;
3.3203726436896406;
3.260530502348886;
3.3476631500632195;
3.3678727265386446;
3.419539454198825;
3.3975231096507024;
3.370571812582829;
3.414518924119612;
3.2980700951566444;
3.3543290305215665;
3.4282539427787087;
3.320890295501122;
3.397840870225334;
3.338625987750246;
3.370766508044571;
3.4220156345682735;
3.356528318558459;
3.3658076524994693;
3.405079187204937;
3.427864761298265;
3.414812579849402;
3.406663621196207;
3.35863798318801;
3.3113270080533566;
3.309192154493468;
3.3192368684810196;
3.2938104736809;
3.309849214467955;
3.2368979316649726;
3.278962295024407;
3.2590657822529767;
3.244111881741722;
3.2604379758155426;
3.2912632433205613;
3.3292667058173446;
3.3474094320737744;
3.2750608695885197;
3.2586626783104564;
3.3307912487990983;
3.337990481990994;
3.3442355544872537;
3.351271407579119;
3.4183942990543805;
3.3703602857134367;
3.3066091694290445;
3.4090913141307433;
3.352281815184397;
3.4489994804685495;
3.484274075041365;
3.493305831004232;
3.448791182604292;
3.325198310276091;
3.3798319074000034;
3.4884550234189446;
3.296592102225996;
3.330399908703001;
3.35518387536806;
3.3798107033919087;
3.335964860201449;
