# avg	std	min	max
-0.02076 0.00000 -0.02076 -0.02076
0.31540 0.00000 0.31540 0.31540
2.55047 0.00000 2.55047 2.55047
7.42801 0.00000 7.42801 7.42801
4.69873 0.00000 4.69873 4.69873
2.42106 0.00000 2.42106 2.42106
16.56054 0.00000 16.56054 16.56054
20.00942 0.00000 20.00942 20.00942
3.18684 0.00000 3.18684 3.18684
0.56651 0.00000 0.56651 0.56651
1.74775 0.00000 1.74775 1.74775
-0.00469 0.00000 -0.00469 -0.00469
17.68412 0.00000 17.68412 17.68412
4.98773 0.00000 4.98773 4.98773
3.90206 0.00000 3.90206 3.90206
-2.19228 0.00000 -2.19228 -2.19228
-0.61519 0.00000 -0.61519 -0.61519
7.18650 0.00000 7.18650 7.18650
7.82190 0.00000 7.82190 7.82190
16.00714 0.00000 16.00714 16.00714
