# avg	std	min	max
3.81460 0.00000 3.81460 3.81460
2.33681 0.00000 2.33681 2.33681
2.83429 0.00000 2.83429 2.83429
1.66906 0.00000 1.66906 1.66906
4.91960 0.00000 4.91960 4.91960
0.04419 0.00000 0.04419 0.04419
-0.02797 0.00000 -0.02797 -0.02797
2.74903 0.00000 2.74903 2.74903
7.94413 0.00000 7.94413 7.94413
3.43704 0.00000 3.43704 3.43704
3.40325 0.00000 3.40325 3.40325
2.53402 0.00000 2.53402 2.53402
0.68797 0.00000 0.68797 0.68797
2.05636 0.00000 2.05636 2.05636
1.76990 0.00000 1.76990 1.76990
3.43569 0.00000 3.43569 3.43569
2.28332 0.00000 2.28332 2.28332
1.98381 0.00000 1.98381 1.98381
2.42408 0.00000 2.42408 2.42408
1.38027 0.00000 1.38027 1.38027
