# avg	std	min	max
6.39115 0.00000 6.39115 6.39115
5.01925 0.00000 5.01925 5.01925
6.08339 0.00000 6.08339 6.08339
2.58331 0.00000 2.58331 2.58331
5.70169 0.00000 5.70169 5.70169
1.16802 0.00000 1.16802 1.16802
-0.00794 0.00000 -0.00794 -0.00794
2.38899 0.00000 2.38899 2.38899
7.98477 0.00000 7.98477 7.98477
4.79196 0.00000 4.79196 4.79196
4.45958 0.00000 4.45958 4.45958
3.79038 0.00000 3.79038 3.79038
0.67122 0.00000 0.67122 0.67122
3.76577 0.00000 3.76577 3.76577
4.59807 0.00000 4.59807 4.59807
6.96102 0.00000 6.96102 6.96102
5.94922 0.00000 5.94922 5.94922
4.22622 0.00000 4.22622 4.22622
5.17420 0.00000 5.17420 5.17420
3.04106 0.00000 3.04106 3.04106
