# avg	std	min	max
5.83840 0.00000 5.83840 5.83840
4.59008 0.00000 4.59008 4.59008
2.92749 0.00000 2.92749 2.92749
0.48859 0.00000 0.48859 0.48859
3.25342 0.00000 3.25342 3.25342
-0.02286 0.00000 -0.02286 -0.02286
13.17250 0.00000 13.17250 13.17250
16.29234 0.00000 16.29234 16.29234
7.31272 0.00000 7.31272 7.31272
4.86263 0.00000 4.86263 4.86263
4.28104 0.00000 4.28104 4.28104
4.00054 0.00000 4.00054 4.00054
17.96490 0.00000 17.96490 17.96490
5.43701 0.00000 5.43701 5.43701
3.22131 0.00000 3.22131 3.22131
6.38270 0.00000 6.38270 6.38270
4.12953 0.00000 4.12953 4.12953
4.87943 0.00000 4.87943 4.87943
7.32022 0.00000 7.32022 7.32022
10.61847 0.00000 10.61847 10.61847
