# avg	std	min	max
1.27824 0.00000 1.27824 1.27824
-0.21075 0.00000 -0.21075 -0.21075
0.46589 0.00000 0.46589 0.46589
-2.16614 0.00000 -2.16614 -2.16614
0.31150 0.00000 0.31150 0.31150
-1.79103 0.00000 -1.79103 -1.79103
10.50095 0.00000 10.50095 10.50095
13.33432 0.00000 13.33432 13.33432
-1.67790 0.00000 -1.67790 -1.67790
1.59600 0.00000 1.59600 1.59600
0.85377 0.00000 0.85377 0.85377
0.35001 0.00000 0.35001 0.35001
17.08318 0.00000 17.08318 17.08318
0.02820 0.00000 0.02820 0.02820
-0.00000 0.00000 -0.00000 -0.00000
1.49766 0.00000 1.49766 1.49766
0.63322 0.00000 0.63322 0.63322
2.15162 0.00000 2.15162 2.15162
3.44622 0.00000 3.44622 3.44622
8.19502 0.00000 8.19502 8.19502
