# avg	std	min	max
0.81400 0.00000 0.81400 0.81400
0.10719 0.00000 0.10719 0.10719
-1.10241 0.00000 -1.10241 -1.10241
-0.91233 0.00000 -0.91233 -0.91233
-0.07371 0.00000 -0.07371 -0.07371
-1.46570 0.00000 -1.46570 -1.46570
-0.64505 0.00000 -0.64505 -0.64505
-0.34023 0.00000 -0.34023 -0.34023
3.22745 0.00000 3.22745 3.22745
0.23453 0.00000 0.23453 0.23453
0.02178 0.00000 0.02178 0.02178
-0.03815 0.00000 -0.03815 -0.03815
-0.14989 0.00000 -0.14989 -0.14989
0.88895 0.00000 0.88895 0.88895
-0.04512 0.00000 -0.04512 -0.04512
1.91267 0.00000 1.91267 1.91267
0.65133 0.00000 0.65133 0.65133
0.06622 0.00000 0.06622 0.06622
0.62710 0.00000 0.62710 0.62710
0.48793 0.00000 0.48793 0.48793
