# avg	std	min	max
1.65830 0.00000 1.65830 1.65830
0.52452 0.00000 0.52452 0.52452
2.46414 0.00000 2.46414 2.46414
-0.43436 0.00000 -0.43436 -0.43436
2.25250 0.00000 2.25250 2.25250
-0.27324 0.00000 -0.27324 -0.27324
5.40495 0.00000 5.40495 5.40495
8.28713 0.00000 8.28713 8.28713
-0.53339 0.00000 -0.53339 -0.53339
2.26873 0.00000 2.26873 2.26873
2.59429 0.00000 2.59429 2.59429
1.56840 0.00000 1.56840 1.56840
9.50927 0.00000 9.50927 9.50927
1.59633 0.00000 1.59633 1.59633
1.11599 0.00000 1.11599 1.11599
1.16831 0.00000 1.16831 1.16831
0.19322 0.00000 0.19322 0.19322
-0.22608 0.00000 -0.22608 -0.22608
-0.00823 0.00000 -0.00823 -0.00823
4.47873 0.00000 4.47873 4.47873
