# avg	std	min	max
3.94870 0.00000 3.94870 3.94870
2.53871 0.00000 2.53871 2.53871
2.99542 0.00000 2.99542 2.99542
0.92819 0.00000 0.92819 0.92819
2.28356 0.00000 2.28356 2.28356
0.71299 0.00000 0.71299 0.71299
1.00392 0.00000 1.00392 1.00392
1.98554 0.00000 1.98554 1.98554
7.87219 0.00000 7.87219 7.87219
3.78252 0.00000 3.78252 3.78252
2.81511 0.00000 2.81511 2.81511
2.29233 0.00000 2.29233 2.29233
1.59603 0.00000 1.59603 1.59603
3.00612 0.00000 3.00612 3.00612
2.09248 0.00000 2.09248 2.09248
3.61930 0.00000 3.61930 3.61930
2.61137 0.00000 2.61137 2.61137
1.72677 0.00000 1.72677 1.72677
-0.15167 0.00000 -0.15167 -0.15167
2.46253 0.00000 2.46253 2.46253
