# avg	std	min	max
0.74594 0.00000 0.74594 0.74594
-0.06533 0.00000 -0.06533 -0.06533
0.75872 0.00000 0.75872 0.75872
-0.60879 0.00000 -0.60879 -0.60879
0.09770 0.00000 0.09770 0.09770
-0.86667 0.00000 -0.86667 -0.86667
-0.08984 0.00000 -0.08984 -0.08984
-0.47982 0.00000 -0.47982 -0.47982
2.79275 0.00000 2.79275 2.79275
-0.00199 0.00000 -0.00199 -0.00199
0.45977 0.00000 0.45977 0.45977
0.66939 0.00000 0.66939 0.66939
0.09746 0.00000 0.09746 0.09746
0.08623 0.00000 0.08623 0.08623
-0.17531 0.00000 -0.17531 -0.17531
0.78977 0.00000 0.78977 0.78977
0.35359 0.00000 0.35359 0.35359
-0.08985 0.00000 -0.08985 -0.08985
0.23804 0.00000 0.23804 0.23804
0.52905 0.00000 0.52905 0.52905
