# avg	std	min	max
0.32661 0.00000 0.32661 0.32661
-0.34944 0.00000 -0.34944 -0.34944
-0.10607 0.00000 -0.10607 -0.10607
-1.32494 0.00000 -1.32494 -1.32494
-0.27037 0.00000 -0.27037 -0.27037
-1.19871 0.00000 -1.19871 -1.19871
-1.56257 0.00000 -1.56257 -1.56257
-0.96486 0.00000 -0.96486 -0.96486
-1.46184 0.00000 -1.46184 -1.46184
0.29139 0.00000 0.29139 0.29139
0.00295 0.00000 0.00295 0.00295
0.07051 0.00000 0.07051 0.07051
-1.46487 0.00000 -1.46487 -1.46487
0.22214 0.00000 0.22214 0.22214
-0.66563 0.00000 -0.66563 -0.66563
0.21503 0.00000 0.21503 0.21503
-0.76571 0.00000 -0.76571 -0.76571
-0.59536 0.00000 -0.59536 -0.59536
-0.41678 0.00000 -0.41678 -0.41678
0.20015 0.00000 0.20015 0.20015
