# avg	std	min	max
5.27184 0.00000 5.27184 5.27184
3.57185 0.00000 3.57185 3.57185
0.00093 0.00000 0.00093 0.00093
0.69867 0.00000 0.69867 0.69867
-0.34167 0.00000 -0.34167 -0.34167
0.85922 0.00000 0.85922 0.85922
6.74789 0.00000 6.74789 6.74789
10.97140 0.00000 10.97140 10.97140
4.23374 0.00000 4.23374 4.23374
4.57793 0.00000 4.57793 4.57793
2.45969 0.00000 2.45969 2.45969
2.64144 0.00000 2.64144 2.64144
7.84983 0.00000 7.84983 7.84983
3.75227 0.00000 3.75227 3.75227
4.13055 0.00000 4.13055 4.13055
4.56901 0.00000 4.56901 4.56901
3.99956 0.00000 3.99956 3.99956
6.32089 0.00000 6.32089 6.32089
7.41873 0.00000 7.41873 7.41873
6.53248 0.00000 6.53248 6.53248
