# avg	std	min	max
4.07479 0.00000 4.07479 4.07479
2.59289 0.00000 2.59289 2.59289
0.00065 0.00000 0.00065 0.00065
-0.92546 0.00000 -0.92546 -0.92546
-1.16976 0.00000 -1.16976 -1.16976
-0.47515 0.00000 -0.47515 -0.47515
3.69884 0.00000 3.69884 3.69884
10.46670 0.00000 10.46670 10.46670
4.43805 0.00000 4.43805 4.43805
3.03244 0.00000 3.03244 3.03244
1.94182 0.00000 1.94182 1.94182
1.78284 0.00000 1.78284 1.78284
5.84857 0.00000 5.84857 5.84857
3.19669 0.00000 3.19669 3.19669
3.55458 0.00000 3.55458 3.55458
3.49054 0.00000 3.49054 3.49054
1.37604 0.00000 1.37604 1.37604
4.93852 0.00000 4.93852 4.93852
5.67402 0.00000 5.67402 5.67402
5.07216 0.00000 5.07216 5.07216
